<?xml version="1.0" standalone="no"?>
<!DOCTYPE svg PUBLIC "-//W3C//DTD SVG 20010904//EN"
 "http://www.w3.org/TR/2001/REC-SVG-20010904/DTD/svg10.dtd">
<svg version="1.0" xmlns="http://www.w3.org/2000/svg"
 width="730.000000pt" height="732.000000pt" viewBox="0 0 730.000000 732.000000"
 preserveAspectRatio="xMidYMid meet">
<metadata>
Created by potrace 1.15, written by Peter Selinger 2001-2017
</metadata>
<g transform="translate(0.000000,732.000000) scale(0.100000,-0.100000)"
fill="#000000" stroke="none">
<path d="M7 7313 c-4 -3 -7 -1650 -7 -3660 l0 -3653 3648 2 3647 3 3 3658 2
3657 -3643 0 c-2004 0 -3647 -3 -3650 -7z m7253 -3653 l0 -3620 -3610 0 -3610
0 0 3620 0 3620 3610 0 3610 0 0 -3620z"/>
<path d="M50 6300 l0 -970 1070 0 1070 0 0 970 0 970 -1070 0 -1070 0 0 -970z
m2110 0 l0 -940 -1040 0 -1040 0 0 940 0 940 1040 0 1040 0 0 -940z"/>
<path d="M1370 7151 c0 -5 -13 -11 -28 -14 -22 -5 -31 -14 -42 -46 -7 -23 -19
-41 -26 -41 -8 0 -16 -19 -20 -50 -4 -29 -12 -50 -19 -50 -22 0 -33 -194 -18
-342 4 -47 10 -68 19 -68 8 0 14 -5 14 -10 0 -7 -15 -7 -42 -3 -24 5 -103 8
-175 8 -101 0 -133 3 -133 12 0 7 5 13 10 13 6 0 10 18 10 40 0 22 5 40 10 40
6 0 10 45 10 115 0 70 -4 115 -10 115 -5 0 -10 18 -10 40 0 22 -4 40 -10 40
-5 0 -10 11 -10 25 0 14 -4 25 -10 25 -5 0 -10 9 -10 19 0 11 -7 26 -15 35 -8
8 -15 19 -15 24 0 5 -12 15 -27 23 -16 8 -32 20 -36 26 -14 22 -72 15 -101
-12 -15 -14 -31 -25 -37 -25 -5 0 -9 -5 -9 -11 0 -6 -7 -17 -15 -25 -8 -9 -15
-24 -15 -35 0 -10 -6 -19 -14 -19 -17 0 -25 -44 -33 -182 -7 -130 13 -328 33
-328 8 0 14 -6 14 -14 0 -8 7 -21 15 -30 13 -13 11 -15 -16 -21 -16 -4 -35
-15 -42 -26 -6 -10 -16 -19 -21 -19 -15 0 -96 -89 -96 -105 0 -9 -9 -19 -19
-22 -19 -5 -23 -14 -37 -95 -4 -23 -12 -38 -20 -38 -11 0 -14 -17 -14 -70 0
-56 3 -70 15 -70 8 0 15 -9 15 -19 0 -36 23 -121 33 -121 12 0 77 -68 77 -81
0 -5 6 -9 14 -9 8 0 24 -13 36 -30 20 -28 57 -50 108 -65 12 -3 22 -10 22 -14
0 -5 21 -14 48 -21 26 -8 49 -17 52 -21 9 -13 189 -39 271 -39 85 0 270 25
278 38 3 5 27 14 54 22 26 7 47 17 47 21 0 5 5 9 11 9 38 0 169 89 169 115 0
7 39 45 46 45 12 0 33 34 34 53 0 9 6 17 14 17 10 0 17 16 22 45 3 25 10 45
15 45 5 0 9 36 9 80 0 44 -4 80 -9 80 -6 0 -13 20 -17 45 -3 25 -11 45 -18 45
-12 0 -36 45 -36 67 0 7 -4 13 -10 13 -5 0 -32 22 -59 49 -28 28 -59 55 -71
61 -16 8 -19 17 -14 33 4 12 11 24 15 25 5 2 9 16 9 32 0 16 6 30 13 32 9 4
12 55 12 213 0 158 -3 209 -12 212 -7 3 -13 16 -13 29 0 13 -4 24 -9 24 -5 0
-12 18 -16 40 -4 22 -12 40 -19 40 -7 0 -18 11 -24 25 -7 15 -20 25 -32 25
-11 0 -20 5 -20 10 0 6 -11 10 -25 10 -14 0 -25 -4 -25 -9z m54 -56 c3 -8 12
-15 20 -15 10 0 19 -19 28 -60 6 -33 17 -60 24 -60 14 0 24 -90 24 -209 0
-125 -11 -221 -25 -221 -17 0 -34 -114 -19 -134 6 -9 15 -16 20 -16 5 0 17 -8
26 -17 8 -10 27 -27 41 -38 15 -11 26 -28 27 -37 0 -9 9 -19 19 -23 11 -3 23
-15 26 -26 4 -10 12 -19 20 -19 14 0 22 -35 32 -139 7 -77 -13 -201 -32 -201
-7 0 -16 -11 -19 -25 -4 -14 -10 -25 -15 -25 -16 0 -81 -66 -81 -82 0 -14 -71
-58 -95 -58 -7 0 -15 -7 -19 -15 -3 -9 -18 -15 -40 -15 -19 0 -41 -7 -50 -15
-8 -9 -51 -20 -95 -27 -45 -6 -81 -15 -81 -20 0 -4 -47 -8 -105 -8 -58 0 -105
4 -105 8 0 4 -37 13 -82 20 -46 8 -84 18 -86 23 -2 5 -13 9 -24 9 -37 0 -98
23 -98 37 0 7 -9 13 -19 13 -11 0 -22 4 -26 9 -3 5 -19 12 -36 16 -23 5 -31
14 -36 35 -5 27 -19 46 -58 78 -8 7 -15 22 -15 32 0 11 -4 20 -9 20 -6 0 -13
20 -17 45 -4 28 -11 45 -20 45 -11 0 -14 17 -14 70 0 54 3 70 14 70 9 0 17 15
21 40 4 22 11 40 16 40 5 0 9 8 9 19 0 10 11 27 25 37 14 10 25 27 25 37 0 9
11 22 24 27 13 5 27 18 31 29 3 12 13 21 21 21 8 0 17 7 20 15 4 8 15 15 25
15 10 0 19 5 19 10 0 6 11 10 25 10 27 0 27 1 -12 45 -7 7 -13 23 -13 34 0 12
-4 21 -10 21 -5 0 -10 11 -10 24 0 13 -6 26 -12 29 -19 6 -19 358 0 365 6 2
12 15 12 28 0 13 5 24 10 24 6 0 10 7 10 15 0 8 4 15 9 15 5 0 12 13 16 29 10
46 75 67 97 31 7 -11 18 -20 25 -20 7 0 13 -9 13 -19 0 -11 7 -26 15 -35 8 -8
15 -24 15 -34 0 -11 6 -22 13 -24 9 -4 12 -51 12 -193 0 -142 -3 -189 -12
-192 -15 -5 -18 -43 -3 -43 6 0 10 -9 10 -20 0 -19 5 -19 128 -13 100 4 146 2
215 -12 48 -9 90 -15 93 -12 3 2 0 24 -5 48 -6 24 -11 61 -11 82 0 26 -4 37
-15 37 -12 0 -15 20 -15 120 0 100 3 120 15 120 10 0 15 10 15 28 0 44 22 142
31 142 5 0 9 8 9 18 0 18 44 50 71 51 9 1 19 -6 23 -14z"/>
<path d="M703 6249 c-24 -12 -43 -27 -43 -35 0 -8 -4 -14 -10 -14 -5 0 -10 -9
-10 -20 0 -11 -4 -20 -10 -20 -5 0 -10 -13 -10 -30 0 -16 5 -30 10 -30 6 0 10
-9 10 -20 0 -25 47 -76 84 -90 36 -13 92 -13 119 1 32 17 77 66 77 84 0 8 5
15 10 15 6 0 10 18 10 40 0 22 -4 40 -10 40 -5 0 -10 7 -10 15 0 8 -4 15 -10
15 -5 0 -10 6 -10 13 0 21 -74 57 -116 57 -22 0 -58 -9 -81 -21z"/>
<path d="M1243 6263 c-12 -2 -27 -11 -33 -19 -7 -8 -18 -14 -26 -14 -7 0 -16
-16 -20 -35 -3 -19 -10 -35 -15 -35 -5 0 -9 -13 -9 -30 0 -16 5 -30 10 -30 6
0 10 -9 10 -19 0 -27 10 -51 22 -51 5 0 17 -9 26 -20 18 -22 94 -37 135 -27
32 9 87 63 87 87 0 11 7 20 15 20 11 0 15 11 15 40 0 28 -4 40 -14 40 -8 0
-17 12 -20 28 -12 52 -96 82 -183 65z"/>
<path d="M1013 5980 c-13 -5 -23 -14 -23 -20 0 -5 -6 -10 -14 -10 -17 0 -89
-40 -94 -52 -2 -4 -10 -8 -18 -8 -8 0 -14 -9 -14 -20 0 -19 7 -20 179 -20 154
0 180 2 185 16 7 18 -6 32 -54 58 -19 10 -39 24 -45 31 -8 9 -74 38 -79 34 -1
0 -11 -4 -23 -9z"/>
<path d="M690 5788 c19 -12 37 -25 40 -29 3 -4 20 -10 38 -14 17 -3 32 -13 32
-21 0 -21 44 -27 139 -19 47 4 93 7 101 6 155 -13 239 -12 268 3 18 9 32 21
32 26 0 5 21 21 47 37 25 15 41 29 34 31 -6 2 -23 -3 -36 -12 -13 -9 -30 -16
-37 -16 -6 0 -22 -10 -36 -22 -21 -21 -34 -23 -122 -23 -90 0 -101 2 -120 23
-25 27 -40 28 -40 3 0 -23 -35 -31 -136 -31 -67 0 -76 3 -107 30 -37 32 -76
50 -110 50 -19 0 -17 -4 13 -22z"/>
<path d="M6861 7238 c-71 -20 -131 -71 -169 -143 -37 -70 -38 -178 -2 -249 33
-64 100 -122 163 -141 64 -19 100 -19 168 1 72 21 149 98 174 174 69 208 -126
418 -334 358z m194 -52 c136 -80 165 -261 60 -383 -124 -145 -362 -86 -415
102 -34 121 36 256 156 301 57 21 144 12 199 -20z"/>
<path d="M4055 7140 c-1098 -67 -1843 -378 -1767 -737 36 -172 258 -332 618
-448 82 -26 165 -53 184 -59 l35 -12 42 -153 c23 -85 46 -158 51 -163 5 -5
156 30 373 88 l364 97 410 2 c396 1 485 6 795 41 381 43 778 147 1014 265 225
113 339 231 353 364 34 329 -606 612 -1582 701 -204 18 -695 26 -890 14z m850
-40 c959 -84 1596 -348 1595 -660 0 -46 -39 -128 -86 -179 -47 -53 -178 -140
-279 -187 -431 -199 -1129 -307 -1870 -290 l-281 6 -361 -95 c-199 -52 -368
-95 -375 -95 -10 0 -28 49 -58 160 -27 100 -48 160 -55 160 -32 0 -271 76
-377 120 -150 61 -266 131 -338 201 -140 137 -142 278 -6 413 229 229 861 407
1621 456 170 11 705 5 870 -10z"/>
<path d="M530 2930 l0 -1130 3120 0 3120 0 0 1130 0 1130 -3120 0 -3120 0 0
-1130z m6210 0 l0 -1100 -3090 0 -3090 0 0 1100 0 1100 3090 0 3090 0 0 -1100z"/>
<path d="M384 1001 c-47 -22 -80 -59 -95 -110 -7 -23 -9 -150 -7 -358 l3 -321
30 -38 c17 -20 46 -45 65 -55 33 -18 86 -19 1263 -19 1082 0 1232 2 1264 15
48 20 71 41 94 87 17 34 19 63 19 355 0 287 -2 322 -19 358 -22 48 -44 69 -94
90 -32 13 -181 15 -1259 15 -1169 0 -1225 -1 -1264 -19z m2530 -34 c76 -43 77
-49 74 -419 -3 -312 -4 -328 -24 -355 -11 -15 -36 -36 -55 -45 -32 -17 -112
-18 -1259 -18 -1147 0 -1227 1 -1259 18 -19 9 -44 30 -55 45 -20 27 -21 40
-21 365 0 332 0 337 22 368 49 68 -42 64 1313 64 l1225 0 39 -23z"/>
<path d="M1147 593 c40 -83 48 -109 51 -170 l4 -73 49 0 49 0 0 55 c0 37 7 70
21 96 11 23 36 74 54 115 l34 74 -53 0 -54 0 -18 -64 c-10 -36 -21 -63 -24
-61 -4 2 -15 31 -25 65 l-18 60 -58 0 -58 0 46 -97z"/>
<path d="M1440 520 l0 -170 110 0 110 0 0 40 0 40 -60 0 c-57 0 -60 1 -60 25
0 23 3 25 50 25 l50 0 0 40 0 40 -50 0 c-47 0 -50 2 -50 25 0 24 3 25 55 25
l55 0 0 40 0 40 -105 0 -105 0 0 -170z"/>
<path d="M1754 676 c-40 -18 -64 -52 -64 -91 1 -41 26 -70 83 -94 85 -37 40
-74 -55 -47 -27 8 -28 7 -28 -32 0 -47 3 -50 63 -58 100 -14 177 27 177 95 0
44 -26 76 -79 98 -53 22 -64 33 -50 49 14 16 62 18 90 4 17 -10 19 -7 19 33 0
38 -3 46 -22 51 -38 10 -101 6 -134 -8z"/>
<path d="M4544 991 c-47 -22 -80 -59 -95 -110 -7 -23 -9 -150 -7 -358 l3 -321
30 -38 c17 -20 46 -45 65 -55 33 -18 84 -19 1178 -19 1006 0 1147 2 1179 15
48 20 71 41 94 87 17 34 19 63 19 353 0 261 -3 322 -15 352 -21 50 -42 72 -90
94 -38 18 -95 19 -1180 19 -1088 0 -1142 -1 -1181 -19z m2360 -34 c76 -43 77
-49 74 -419 -3 -312 -4 -328 -24 -355 -11 -15 -36 -36 -55 -45 -32 -17 -108
-18 -1174 -18 -1066 0 -1142 1 -1174 18 -19 9 -44 30 -55 45 -20 27 -21 40
-21 365 0 332 0 337 22 368 48 68 -33 64 1228 64 l1140 0 39 -23z"/>
<path d="M5350 510 l0 -170 50 0 50 0 0 96 0 96 68 -93 c67 -94 68 -94 115
-97 l47 -3 0 170 0 171 -50 0 -50 0 0 -92 0 -91 -66 91 -66 92 -49 0 -49 0 0
-170z"/>
<path d="M5834 669 c-37 -10 -91 -67 -100 -105 -11 -42 1 -129 22 -157 31 -43
97 -70 155 -65 91 9 149 74 149 167 0 75 -24 120 -80 149 -46 23 -93 27 -146
11z m100 -95 c21 -20 30 -58 22 -88 -18 -74 -104 -74 -122 0 -13 51 18 104 61
104 13 0 31 -7 39 -16z"/>
</g>
</svg>
